$ 1 0.000005 10.20027730826997 59 5 43 5e-11
162 352 208 208 208 2 default-led 1 0 0 0.01
r 208 208 96 208 0 1000
R 352 208 352 16 0 0 40 5 0 0 0.5
f -16 256 48 256 32 1.5 0.02
f -16 160 48 160 33 1.5 0.02
w 48 176 48 208 0
w 48 208 96 208 0
w 48 240 48 208 0
w 48 272 48 304 0
g 48 304 48 320 0 0
R 48 144 48 16 0 0 40 5 0 0 0.5
S -16 208 -96 208 0 0 false 0 2
w -16 208 -16 160 0
w -16 208 -16 256 0
g -96 224 -96 320 0 0
R -96 192 -96 16 0 0 40 5 0 0 0.5
r 96 208 96 256 0 15000
g 96 304 96 320 0 0
r 96 256 96 304 0 15000
